TIMESTAMP	TEMP(C)
CLOCK(MHz)	
_____________________________________________________
1602995399	32.0
1000212864	
1602995400	32.0
1000265600	
1602995401	32.0
1000265600	
1602995402	32.0
1000265600	
1602995403	31.0
1000212864	
1602995404	32.0
1000265600	
1602995406	32.0
600117184	
1602995407	31.0
600169920	
1602995408	33.0
1000265600	
1602995409	32.0
750146496	
1602995410	32.0
1000265600	
1602995411	32.0
600169920	
1602995412	32.0
600117184	
1602995413	32.0
1500345728	
1602995414	31.0
600169920	
1602995415	33.0
600169920	
1602995416	31.0
600117184	
1602995417	31.0
1000265600	
1602995418	32.0
1000265600	
1602995419	32.0
600169920	
1602995420	31.0
600169920	
